4 33 !
4 34 "
4 35 #
4 36 $
4 37 %
4 38 &
4 39 '
4 40 (
4 41 )
4 42 *
4 43 +
4 44 ,
4 45 -
4 46 .
4 47 /
1 48 0
1 49 1
1 50 2
1 51 3
1 52 4
1 53 5
1 54 6
1 55 7
1 56 8
1 57 9
4 58 :
4 59 ;
4 60 <
4 61 =
4 62 >
4 63 ?
4 64 @
2 65 A
2 66 B
2 67 C
2 68 D
2 69 E
2 70 F
2 71 G
2 72 H
2 73 I
2 74 J
2 75 K
2 76 L
2 77 M
2 78 N
2 79 O
2 80 P
2 81 Q
2 82 R
2 83 S
2 84 T
2 85 U
2 86 V
2 87 W
2 88 X
2 89 Y
2 90 Z
4 91 [
4 92 \
4 93 ]
4 94 ^
4 95 _
4 96 `
3 97 a
3 98 b
3 99 c
3 100 d
3 101 e
3 102 f
3 103 g
3 104 h
3 105 i
3 106 j
3 107 k
3 108 l
3 109 m
3 110 n
3 111 o
3 112 p
3 113 q
3 114 r
3 115 s
3 116 t
3 117 u
3 118 v
3 119 w
3 120 x
3 121 y
3 122 z
4 123 {
4 124 |
4 125 }
4 126 ~
